1
0
0
0
0
1
0
0
0
1
0
0
0
0
1
0
560
360
720
360
680
200
640
320
600
320
0
1
0
0
0
1
1
0
-3
0
33
360
1
4
1
0
0
0
0
1
1
1
1
1
1
1
1
1
1
3
0
2
2
0
2
2
2
1
2
2
2
1
2
2
1
0
1
1
0
0
0
1
1
1
1
1
1
1
1
1
0
2
1
2
2
0
2
2
2
1
2
2
1
2
1
0
0
0
0
2
0
2
2
2
1
2
1
1
1
1
2
2
2
0
2
0
1
2
1
1
2
1
2
2
2
2
2
2
0
0
0
0
1
1
1
1
1
2
2
2
1
1
1
1
2
0
0
0
0
0
2
1
1
1
1
1
2
2
1
2
1
1
1
1
1
2
1
2
2
1
1
2
2
1
2
2
2
1
2
2
2
1
2
2
1
1
1
1
1
1
1
1
1
1
1
1
1
1
1
1
1
2
2
2
1
2
2
2
2
2
1
2
2
2
1
1
1
2
1
1
1
1
2
1
1
1
1
2
1
1
3
1
1
1
2
2
1
2
1
2
2
1
1
1
3
2
1
1
1
1
1
1
1
1
1
1
1
1
1
2
